test_iter: 51
test_interval: 105
base_lr: 9.99999974738e-05
display: 2
max_iter: 630
lr_policy: "exp"
gamma: 0.983415186405
momentum: 0.899999976158
weight_decay: 9.99999997475e-07
snapshot: 105
snapshot_prefix: "snapshot"
solver_mode: GPU
net: "train_val.prototxt"
solver_type: ADAM
iter_size: 10
